0.307710
0.305870
0.304042
0.302226
0.300425
0.298639
0.296869
0.295115
0.293380
0.291663
0.289966
0.288291
0.286637
0.285006
0.283399
0.281817
0.280260
0.278731
0.277230
0.275757
0.274314
0.272902
0.271522
0.270174
0.268860
0.267580
0.266336
0.265128
0.263957
0.262824
0.261730
0.260676
0.259661
0.258688
0.257757
0.256868
0.256022
0.255220
0.254462
0.253749
0.253082
0.252461
0.251886
0.251359
0.250878
0.250445
0.250061
0.249724
0.249437
0.249198
0.249008
0.248867
0.248775
0.248733
0.248740
0.248796
0.248902
0.249056
0.249260
0.249513
0.249814
0.250164
0.250562
0.251007
0.251501
0.252041
0.252628
0.253261
0.253939
0.254663
0.255431
0.256243
0.257099
0.257997
0.258938
0.259919
0.260941
0.262003
0.263104
0.264243
0.265420
0.266633
0.267881
0.269164
0.270482
0.271832
0.273214
0.274627
0.276070
0.277543
0.279043
0.280571
0.282125
0.283704
0.285307
0.286934
0.288583
0.290253
0.291943
0.293652
0.295379
0.297124
0.298885
0.300661
0.302452
0.304256
0.306072
0.307899
0.309738
0.311585
0.313442
0.315306
0.317176
0.319053
0.320935
0.322822
0.324712
0.326604
0.328499
0.330394
0.332290
0.334185
0.336080
0.337972
0.339862
0.341749
0.343631
0.345510
0.347383
0.349251
0.351112
0.352967
0.354814
0.356653
0.358484
0.360306
0.362118
0.363921
0.365714
0.367496
0.369266
0.371026
0.372774
0.374509
0.376232
0.377943
0.379640
0.381324
0.382995
0.384651
0.386294
0.387922
0.389536
0.391135
0.392719
0.394289
0.395843
0.397381
0.398905
0.400413
0.401905
0.403381
0.404842
0.406287
0.407716
0.409129
0.410526
0.411907
0.413272
0.414621
0.415954
0.417270
0.418571
0.419856
0.421125
0.422378
0.423615
0.424836
0.426041
0.427231
0.428405
0.429563
0.430706
0.431834
0.432946
0.434043
0.435125
0.436192
0.437244
0.438281
0.439303
0.440311
0.441305
0.442284
0.443248
0.444199
0.445136
0.446058
0.446968
0.447863
0.448745
0.449614
0.450470
0.451312
0.452142
0.452959
0.453763
0.454555
0.455335
0.456102
0.456857
0.457601
0.458332
0.459052
0.459761
0.460458
0.461144
0.461819
0.462483
0.463136
0.463779
0.464411
0.465033
0.465645
0.466247
0.466838
0.467420
0.467993
0.468555
0.469109
0.469653
0.470188
0.470714
0.471231
0.471740
0.472240
0.472731
0.473215
0.473689
0.474156
0.474615
0.475066
0.475510
0.475945
0.476374
0.476794
0.477208
0.477615
0.478014
0.478406
0.478792
0.479171
0.479544
0.479910
0.480269
0.480622
0.480970
0.481311
0.481646
0.481975
0.482298
0.482616
0.482928
0.483235
0.483536
0.483832
0.484122
0.484408
0.484688
0.484964
0.485234
0.485500
0.485761
0.486017
0.486269
0.486517
0.486760
0.486998
0.487233
0.487463
0.487689
0.487911
0.488129
0.488343
0.488553
0.488760
0.488962
0.489162
0.489357
0.489549
0.489738
0.489923
0.490105
0.490283
0.490459
0.490631
0.490800
0.490966
0.491129
0.491289
0.491447
0.491601
0.491753
0.491902
0.492048
0.492191
0.492332
0.492471
0.492606
0.492740
0.492871
0.492999
0.493126
0.493250
0.493371
0.493491
0.493608
0.493724
0.493837
0.493948
0.494057
0.494164
0.494269
0.494373
0.494474
0.494573
0.494671
0.494767
0.494861
0.494954
0.495045
0.495134
0.495221
0.495307
0.495392
0.495475
0.495556
0.495636
0.495714
0.495791
0.495867
0.495941
0.496014
0.496086
0.496156
0.496225
0.496293
0.496359
0.496425
0.496489
0.496552
0.496613
0.496674
0.496734
0.496792
0.496850
0.496906
0.496961
0.497016
0.497069
0.497122
0.497173
0.497224
0.497273
0.497322
0.497370
0.497417
0.497463
0.497508
0.497553
0.497596
0.497639
0.497681
0.497723
0.497763
0.497803
0.497842
0.497881
0.497918
0.497955
0.497992
0.498028
0.498063
0.498097
0.498131
0.498164
0.498197
0.498229
0.498260
0.498291
0.498321
0.498351
0.498380
0.498409
0.498437
0.498465
0.498492
0.498519
0.498545
0.498571
0.498596
0.498621
0.498645
0.498669
0.498693
0.498716
0.498738
0.498761
0.498782
0.498804
0.498825
0.498846
0.498866
0.498886
0.498906
0.498925
0.498944
0.498962
0.498981
0.498998
0.499016
0.499033
0.499050
0.499067
0.499083
0.499099
0.499115
0.499131
0.499146
0.499161
0.499176
0.499190
0.499204
0.499218
0.499232
0.499245
0.499258
0.499271
0.499284
0.499297
0.499309
0.499321
0.499333
0.499344
0.499356
0.499367
0.499378
0.499389
0.499399
0.499410
0.499420
0.499430
0.499440
0.499450
0.499459
0.499469
0.499478
0.499487
0.499496
0.499505
0.499513
0.499522
0.499530
0.499538
0.499546
0.499554
0.499562
0.499569
0.499577
0.499584
0.499591
0.499598
0.499605
0.499612
0.499619
0.499625
0.499632
0.499638
0.499644
0.499650
0.499656
0.499662
0.499668
0.499674
0.499679
0.499685
0.499690
0.499696
0.499701
0.499706
0.499711
0.499716
0.499721
0.499726
0.499730
0.499735
0.499739
0.499744
0.499748
0.499752
0.499757
0.499761
0.499765
0.499769
0.499773
0.499777
0.499781
0.499784
0.499788
0.499792
0.499795
0.499799
0.499802
0.499805
0.499809
0.499812
0.499815
0.499818
0.499821
0.499824
0.499827
0.499830
0.499833
0.499836
0.499839
0.499841
0.499844
0.499847
0.499849
0.499852
0.499854
0.499857
0.499859
0.499862
0.499864
0.499866
0.499868
0.499871
0.499873
0.499875
0.499877
0.499879
0.499881
0.499883
0.499885
0.499887
0.499889
0.499891
0.499893
0.499894
0.499896
0.499898
0.499900
0.499901
0.499903
0.499905
0.499906
0.499908
0.499909
0.499911
0.499912
0.499914
0.499915
0.499917
0.499918
0.499919
0.499921
0.499922
0.499923
0.499925
0.499926
0.499927
0.499928
0.499929
0.499931
0.499932
0.499933
0.499934
0.499935
0.499936
0.499937
0.499938
0.499939
0.499940
0.499941
0.499942
0.499943
0.499944
0.499945
0.499946
0.499947
0.499948
0.499949
0.499949
0.499950
0.499951
0.499952
0.499953
0.499953
0.499954
0.499955
0.499956
0.499956
0.499957
0.499958
0.499958
0.499959
0.499960
0.499960
0.499961
0.499962
0.499962
0.499963
0.499964
0.499964
0.499965
0.499965
0.499966
0.499966
0.499967
0.499968
0.499968
0.499969
0.499969
0.499970
0.499970
0.499971
0.499971
0.499972
0.499972
0.499972
0.499973
0.499973
0.499974
0.499974
0.499975
0.499975
0.499975
0.499976
0.499976
0.499977
0.499977
0.499977
0.499978
0.499978
0.499978
0.499979
0.499979
0.499979
0.499980
0.499980
0.499980
0.499981
0.499981
0.499981
0.499982
0.499982
0.499982
0.499982
0.499983
0.499983
0.499983
0.499984
0.499984
0.499984
0.499984
0.499985
0.499985
0.499985
0.499985
0.499986
0.499986
0.499986
0.499986
0.499986
0.499987
0.499987
0.499987
0.499987
0.499988
0.499988
0.499988
0.499988
0.499988
0.499988
0.499989
0.499989
0.499989
0.499989
0.499989
0.499990
0.499990
0.499990
0.499990
0.499990
0.499990
0.499990
0.499991
0.499991
0.499991
0.499991
0.499991
0.499991
0.499991
0.499992
0.499992
0.499992
0.499992
0.499992
0.499992
0.499992
0.499992
0.499993
0.499993
0.499993
0.499993
0.499993
0.499993
0.499993
0.499993
0.499993
0.499994
0.499994
0.499994
0.499994
0.499994
0.499994
0.499994
0.499994
0.499994
0.499994
0.499994
0.499995
0.499995
0.499995
0.499995
0.499995
0.499995
0.499995
0.499995
0.499995
0.499995
0.499995
0.499995
0.499995
0.499996
0.499996
0.499996
0.499996
0.499996
0.499996
0.499996
0.499996
0.499996
0.499996
0.499996
0.499996
0.499996
0.499996
0.499996
0.499996
0.499997
0.499997
0.499997
0.499997
0.499997
0.499997
0.499997
0.499997
0.499997
0.499997
0.499997
0.499997
0.499997
0.499997
0.499997
0.499997
0.499997
0.499997
0.499997
0.499997
0.499997
0.499997
0.499998
0.499998
0.499998
0.499998
0.499998
0.499998
0.499998
0.499998
0.499998
0.499998
0.499998
0.499998
0.499998
0.499998
0.499998
0.499998
0.499998
0.499998
0.499998
0.499998
0.499998
0.499998
0.499998
0.499998
0.499998
0.499998
0.499998
0.499998
0.499998
0.499998
0.499998
0.499998
0.499998
0.499998
0.499999
0.499999
0.499999
0.499999
0.499999
0.499999
0.499999
0.499999
0.499999
0.499999
0.499999
0.499999
0.499999
0.499999
0.499999
0.499999
0.499999
0.499999
0.499999
0.499999
0.499999
0.499999
0.499999
0.499999
0.499999
0.499999
0.499999
0.499999
0.499999
0.499999
0.499999
0.499999
0.499999
0.499999
0.499999
0.499999
0.499999
0.499999
0.499999
0.499999
0.499999
0.499999
0.499999
0.499999
0.499999
0.499999
0.499999
0.499999
0.499999
0.499999
0.499999
0.499999
0.499999
0.499999
0.499999
0.499999
0.499999
0.499999
0.499999
0.499999
0.499999
0.499999
0.499999
0.499999
0.499999
0.499999
0.499999
0.499999
0.499999
0.499999
0.499999
0.499999
0.499999
0.499999
0.499999
0.499999
0.500000
0.500000
0.500000
0.500000
0.500000
0.500000
0.500000
0.500000
0.500000
0.500000
0.500000
0.500000
0.500000
0.500000
0.500000
0.500000
0.500000
0.500000
0.500000
0.500000
0.500000
0.500000
0.500000
0.500000
0.500000
0.500000
0.500000
0.500000
0.500000
0.500000
0.500000
0.500000
0.500000
0.500000
0.500000
0.500000
0.500000
0.500000
0.500000
0.500000
0.500000
0.500000
0.500000
0.500000
0.500000
0.500000
0.500000
0.500000
0.500000
0.500000
0.500000
0.500000
0.500000
0.500000
0.500000
0.500000
0.500000
0.500000
0.500000
0.500000
0.500000
0.500000
0.500000
0.500000
0.500000
0.500000
0.500000
0.500000
0.500000
0.500000
0.500000
0.500000
0.500000
0.500000
0.500000
0.500000
0.500000
0.500000
0.500000
0.500000
0.500000
0.500000
0.500000
0.500000
0.500000
0.500000
0.500000
0.500000
0.500000
0.500000
0.500000
0.500000
0.500000
0.500000
0.500000
0.500000
0.500000
0.500000
0.500000
0.500000
0.500000
0.500000
0.500000
0.500000
0.500000
0.500000
0.500000
